p cnf 64 744
1 2 3 4 5 6 7 8 0
-2 -1 0
-3 -1 0
-4 -1 0
-5 -1 0
-6 -1 0
-7 -1 0
-8 -1 0
-3 -2 0
-4 -2 0
-5 -2 0
-6 -2 0
-7 -2 0
-8 -2 0
-4 -3 0
-5 -3 0
-6 -3 0
-7 -3 0
-8 -3 0
-5 -4 0
-6 -4 0
-7 -4 0
-8 -4 0
-6 -5 0
-7 -5 0
-8 -5 0
-7 -6 0
-8 -6 0
-8 -7 0
9 10 11 12 13 14 15 16 0
-10 -9 0
-11 -9 0
-12 -9 0
-13 -9 0
-14 -9 0
-15 -9 0
-16 -9 0
-11 -10 0
-12 -10 0
-13 -10 0
-14 -10 0
-15 -10 0
-16 -10 0
-12 -11 0
-13 -11 0
-14 -11 0
-15 -11 0
-16 -11 0
-13 -12 0
-14 -12 0
-15 -12 0
-16 -12 0
-14 -13 0
-15 -13 0
-16 -13 0
-15 -14 0
-16 -14 0
-16 -15 0
17 18 19 20 21 22 23 24 0
-18 -17 0
-19 -17 0
-20 -17 0
-21 -17 0
-22 -17 0
-23 -17 0
-24 -17 0
-19 -18 0
-20 -18 0
-21 -18 0
-22 -18 0
-23 -18 0
-24 -18 0
-20 -19 0
-21 -19 0
-22 -19 0
-23 -19 0
-24 -19 0
-21 -20 0
-22 -20 0
-23 -20 0
-24 -20 0
-22 -21 0
-23 -21 0
-24 -21 0
-23 -22 0
-24 -22 0
-24 -23 0
25 26 27 28 29 30 31 32 0
-26 -25 0
-27 -25 0
-28 -25 0
-29 -25 0
-30 -25 0
-31 -25 0
-32 -25 0
-27 -26 0
-28 -26 0
-29 -26 0
-30 -26 0
-31 -26 0
-32 -26 0
-28 -27 0
-29 -27 0
-30 -27 0
-31 -27 0
-32 -27 0
-29 -28 0
-30 -28 0
-31 -28 0
-32 -28 0
-30 -29 0
-31 -29 0
-32 -29 0
-31 -30 0
-32 -30 0
-32 -31 0
33 34 35 36 37 38 39 40 0
-34 -33 0
-35 -33 0
-36 -33 0
-37 -33 0
-38 -33 0
-39 -33 0
-40 -33 0
-35 -34 0
-36 -34 0
-37 -34 0
-38 -34 0
-39 -34 0
-40 -34 0
-36 -35 0
-37 -35 0
-38 -35 0
-39 -35 0
-40 -35 0
-37 -36 0
-38 -36 0
-39 -36 0
-40 -36 0
-38 -37 0
-39 -37 0
-40 -37 0
-39 -38 0
-40 -38 0
-40 -39 0
41 42 43 44 45 46 47 48 0
-42 -41 0
-43 -41 0
-44 -41 0
-45 -41 0
-46 -41 0
-47 -41 0
-48 -41 0
-43 -42 0
-44 -42 0
-45 -42 0
-46 -42 0
-47 -42 0
-48 -42 0
-44 -43 0
-45 -43 0
-46 -43 0
-47 -43 0
-48 -43 0
-45 -44 0
-46 -44 0
-47 -44 0
-48 -44 0
-46 -45 0
-47 -45 0
-48 -45 0
-47 -46 0
-48 -46 0
-48 -47 0
49 50 51 52 53 54 55 56 0
-50 -49 0
-51 -49 0
-52 -49 0
-53 -49 0
-54 -49 0
-55 -49 0
-56 -49 0
-51 -50 0
-52 -50 0
-53 -50 0
-54 -50 0
-55 -50 0
-56 -50 0
-52 -51 0
-53 -51 0
-54 -51 0
-55 -51 0
-56 -51 0
-53 -52 0
-54 -52 0
-55 -52 0
-56 -52 0
-54 -53 0
-55 -53 0
-56 -53 0
-55 -54 0
-56 -54 0
-56 -55 0
57 58 59 60 61 62 63 64 0
-58 -57 0
-59 -57 0
-60 -57 0
-61 -57 0
-62 -57 0
-63 -57 0
-64 -57 0
-59 -58 0
-60 -58 0
-61 -58 0
-62 -58 0
-63 -58 0
-64 -58 0
-60 -59 0
-61 -59 0
-62 -59 0
-63 -59 0
-64 -59 0
-61 -60 0
-62 -60 0
-63 -60 0
-64 -60 0
-62 -61 0
-63 -61 0
-64 -61 0
-63 -62 0
-64 -62 0
-64 -63 0
1 9 17 25 33 41 49 57 0
-9 -1 0
-17 -1 0
-25 -1 0
-33 -1 0
-41 -1 0
-49 -1 0
-57 -1 0
-17 -9 0
-25 -9 0
-33 -9 0
-41 -9 0
-49 -9 0
-57 -9 0
-25 -17 0
-33 -17 0
-41 -17 0
-49 -17 0
-57 -17 0
-33 -25 0
-41 -25 0
-49 -25 0
-57 -25 0
-41 -33 0
-49 -33 0
-57 -33 0
-49 -41 0
-57 -41 0
-57 -49 0
2 10 18 26 34 42 50 58 0
-10 -2 0
-18 -2 0
-26 -2 0
-34 -2 0
-42 -2 0
-50 -2 0
-58 -2 0
-18 -10 0
-26 -10 0
-34 -10 0
-42 -10 0
-50 -10 0
-58 -10 0
-26 -18 0
-34 -18 0
-42 -18 0
-50 -18 0
-58 -18 0
-34 -26 0
-42 -26 0
-50 -26 0
-58 -26 0
-42 -34 0
-50 -34 0
-58 -34 0
-50 -42 0
-58 -42 0
-58 -50 0
3 11 19 27 35 43 51 59 0
-11 -3 0
-19 -3 0
-27 -3 0
-35 -3 0
-43 -3 0
-51 -3 0
-59 -3 0
-19 -11 0
-27 -11 0
-35 -11 0
-43 -11 0
-51 -11 0
-59 -11 0
-27 -19 0
-35 -19 0
-43 -19 0
-51 -19 0
-59 -19 0
-35 -27 0
-43 -27 0
-51 -27 0
-59 -27 0
-43 -35 0
-51 -35 0
-59 -35 0
-51 -43 0
-59 -43 0
-59 -51 0
4 12 20 28 36 44 52 60 0
-12 -4 0
-20 -4 0
-28 -4 0
-36 -4 0
-44 -4 0
-52 -4 0
-60 -4 0
-20 -12 0
-28 -12 0
-36 -12 0
-44 -12 0
-52 -12 0
-60 -12 0
-28 -20 0
-36 -20 0
-44 -20 0
-52 -20 0
-60 -20 0
-36 -28 0
-44 -28 0
-52 -28 0
-60 -28 0
-44 -36 0
-52 -36 0
-60 -36 0
-52 -44 0
-60 -44 0
-60 -52 0
5 13 21 29 37 45 53 61 0
-13 -5 0
-21 -5 0
-29 -5 0
-37 -5 0
-45 -5 0
-53 -5 0
-61 -5 0
-21 -13 0
-29 -13 0
-37 -13 0
-45 -13 0
-53 -13 0
-61 -13 0
-29 -21 0
-37 -21 0
-45 -21 0
-53 -21 0
-61 -21 0
-37 -29 0
-45 -29 0
-53 -29 0
-61 -29 0
-45 -37 0
-53 -37 0
-61 -37 0
-53 -45 0
-61 -45 0
-61 -53 0
6 14 22 30 38 46 54 62 0
-14 -6 0
-22 -6 0
-30 -6 0
-38 -6 0
-46 -6 0
-54 -6 0
-62 -6 0
-22 -14 0
-30 -14 0
-38 -14 0
-46 -14 0
-54 -14 0
-62 -14 0
-30 -22 0
-38 -22 0
-46 -22 0
-54 -22 0
-62 -22 0
-38 -30 0
-46 -30 0
-54 -30 0
-62 -30 0
-46 -38 0
-54 -38 0
-62 -38 0
-54 -46 0
-62 -46 0
-62 -54 0
7 15 23 31 39 47 55 63 0
-15 -7 0
-23 -7 0
-31 -7 0
-39 -7 0
-47 -7 0
-55 -7 0
-63 -7 0
-23 -15 0
-31 -15 0
-39 -15 0
-47 -15 0
-55 -15 0
-63 -15 0
-31 -23 0
-39 -23 0
-47 -23 0
-55 -23 0
-63 -23 0
-39 -31 0
-47 -31 0
-55 -31 0
-63 -31 0
-47 -39 0
-55 -39 0
-63 -39 0
-55 -47 0
-63 -47 0
-63 -55 0
8 16 24 32 40 48 56 64 0
-16 -8 0
-24 -8 0
-32 -8 0
-40 -8 0
-48 -8 0
-56 -8 0
-64 -8 0
-24 -16 0
-32 -16 0
-40 -16 0
-48 -16 0
-56 -16 0
-64 -16 0
-32 -24 0
-40 -24 0
-48 -24 0
-56 -24 0
-64 -24 0
-40 -32 0
-48 -32 0
-56 -32 0
-64 -32 0
-48 -40 0
-56 -40 0
-64 -40 0
-56 -48 0
-64 -48 0
-64 -56 0
-9 -2 0
-10 -3 0
-17 -3 0
-11 -4 0
-18 -4 0
-25 -4 0
-12 -5 0
-19 -5 0
-26 -5 0
-33 -5 0
-13 -6 0
-20 -6 0
-27 -6 0
-34 -6 0
-41 -6 0
-14 -7 0
-21 -7 0
-28 -7 0
-35 -7 0
-42 -7 0
-49 -7 0
-15 -8 0
-22 -8 0
-29 -8 0
-36 -8 0
-43 -8 0
-50 -8 0
-57 -8 0
-17 -10 0
-18 -11 0
-25 -11 0
-19 -12 0
-26 -12 0
-33 -12 0
-20 -13 0
-27 -13 0
-34 -13 0
-41 -13 0
-21 -14 0
-28 -14 0
-35 -14 0
-42 -14 0
-49 -14 0
-22 -15 0
-29 -15 0
-36 -15 0
-43 -15 0
-50 -15 0
-57 -15 0
-23 -16 0
-30 -16 0
-37 -16 0
-44 -16 0
-51 -16 0
-58 -16 0
-25 -18 0
-26 -19 0
-33 -19 0
-27 -20 0
-34 -20 0
-41 -20 0
-28 -21 0
-35 -21 0
-42 -21 0
-49 -21 0
-29 -22 0
-36 -22 0
-43 -22 0
-50 -22 0
-57 -22 0
-30 -23 0
-37 -23 0
-44 -23 0
-51 -23 0
-58 -23 0
-31 -24 0
-38 -24 0
-45 -24 0
-52 -24 0
-59 -24 0
-33 -26 0
-34 -27 0
-41 -27 0
-35 -28 0
-42 -28 0
-49 -28 0
-36 -29 0
-43 -29 0
-50 -29 0
-57 -29 0
-37 -30 0
-44 -30 0
-51 -30 0
-58 -30 0
-38 -31 0
-45 -31 0
-52 -31 0
-59 -31 0
-39 -32 0
-46 -32 0
-53 -32 0
-60 -32 0
-41 -34 0
-42 -35 0
-49 -35 0
-43 -36 0
-50 -36 0
-57 -36 0
-44 -37 0
-51 -37 0
-58 -37 0
-45 -38 0
-52 -38 0
-59 -38 0
-46 -39 0
-53 -39 0
-60 -39 0
-47 -40 0
-54 -40 0
-61 -40 0
-49 -42 0
-50 -43 0
-57 -43 0
-51 -44 0
-58 -44 0
-52 -45 0
-59 -45 0
-53 -46 0
-60 -46 0
-54 -47 0
-61 -47 0
-55 -48 0
-62 -48 0
-57 -50 0
-58 -51 0
-59 -52 0
-60 -53 0
-61 -54 0
-62 -55 0
-63 -56 0
-10 -1 0
-19 -1 0
-28 -1 0
-37 -1 0
-46 -1 0
-55 -1 0
-64 -1 0
-11 -2 0
-20 -2 0
-29 -2 0
-38 -2 0
-47 -2 0
-56 -2 0
-12 -3 0
-21 -3 0
-30 -3 0
-39 -3 0
-48 -3 0
-13 -4 0
-22 -4 0
-31 -4 0
-40 -4 0
-14 -5 0
-23 -5 0
-32 -5 0
-15 -6 0
-24 -6 0
-16 -7 0
-18 -9 0
-27 -9 0
-36 -9 0
-45 -9 0
-54 -9 0
-63 -9 0
-19 -10 0
-28 -10 0
-37 -10 0
-46 -10 0
-55 -10 0
-64 -10 0
-20 -11 0
-29 -11 0
-38 -11 0
-47 -11 0
-56 -11 0
-21 -12 0
-30 -12 0
-39 -12 0
-48 -12 0
-22 -13 0
-31 -13 0
-40 -13 0
-23 -14 0
-32 -14 0
-24 -15 0
-26 -17 0
-35 -17 0
-44 -17 0
-53 -17 0
-62 -17 0
-27 -18 0
-36 -18 0
-45 -18 0
-54 -18 0
-63 -18 0
-28 -19 0
-37 -19 0
-46 -19 0
-55 -19 0
-64 -19 0
-29 -20 0
-38 -20 0
-47 -20 0
-56 -20 0
-30 -21 0
-39 -21 0
-48 -21 0
-31 -22 0
-40 -22 0
-32 -23 0
-34 -25 0
-43 -25 0
-52 -25 0
-61 -25 0
-35 -26 0
-44 -26 0
-53 -26 0
-62 -26 0
-36 -27 0
-45 -27 0
-54 -27 0
-63 -27 0
-37 -28 0
-46 -28 0
-55 -28 0
-64 -28 0
-38 -29 0
-47 -29 0
-56 -29 0
-39 -30 0
-48 -30 0
-40 -31 0
-42 -33 0
-51 -33 0
-60 -33 0
-43 -34 0
-52 -34 0
-61 -34 0
-44 -35 0
-53 -35 0
-62 -35 0
-45 -36 0
-54 -36 0
-63 -36 0
-46 -37 0
-55 -37 0
-64 -37 0
-47 -38 0
-56 -38 0
-48 -39 0
-50 -41 0
-59 -41 0
-51 -42 0
-60 -42 0
-52 -43 0
-61 -43 0
-53 -44 0
-62 -44 0
-54 -45 0
-63 -45 0
-55 -46 0
-64 -46 0
-56 -47 0
-58 -49 0
-59 -50 0
-60 -51 0
-61 -52 0
-62 -53 0
-63 -54 0
-64 -55 0
